=~=~=~=~=~=~=~=~=~=~=~= PuTTY log 2024.08.07 19:39:42 =~=~=~=~=~=~=~=~=~=~=~=
Begun
SERIAL 2: 228 53 217 147 126 7 26 94 3 217 147 126 5 26 49 219 126   __TIMEOUT
SERIAL 1 6 26 5 208 166 126 
SERIAL 2: 11 27 98 130 238 193 253 112 254 232 126 
SERIAL 2: 5 27 32 82 126 
SERIAL 2: 14 27 105 19 130 241 190 130 0 189 108 249 87 126 
SERIAL 2: 14 27 105 19 130 243 226 254 0 189 96 244 78 126 
SERIAL 2: 14 27 105 19 130 246 135 250 0 189 102 112 244 126 
SERIAL 1 6 27 5 201 126 126 
SERIAL 2: 11 28 98 130 245 252 231 95 242 129 126 
SERIAL 2: 5 28 84 237 126 
SERIAL 2: 14 28 105 19 130 248 172 246 0 189 96 88 220 126 
SERIAL 2: 14 28 105 19 130 250 209 242 0 189 95 130 149 126 
SERIAL 1 35 28 41 0 4 0 176 18 6 41 0 2 64 240 41 0 4 0 177 18 0 41 0 8 64 0 8 8 8 12 7 3 114 50 126 
SERIAL 2: 7 29 94 3 85 150 126 
SERIAL 2: 7 29 94 3 85 150 126 
SERIAL 2: 7 29 94 3 85 150 126 
SERIAL 2: 7 29 94 3 85 150 126 
SERIAL 2: 5 29 69 100 126 
SERIAL 2: 14 29 105 19 130 252 246 238 0 189 102 30 210 126 
SERIAL 2: 14 29 105 19 130 255 155 234 0 189 98 251 160 126 
SERIAL 1 35 29 41 0 4 0 176 18 6 41 0 2 64 112 41 0 4 0 177 18 0 41 0 8 64 7 15 8 8 8 15 7 127 49 126 
SERIAL 2: 7 30 94 3 186 242 126 
SERIAL 2: 7 30 94 3 186 242 126 
SERIAL 2: 7 30 94 3 186 242 126 
SERIAL 2: 7 30 94 3 186 242 126 
SERIAL 2: 5 30 119 255 126 
SERIAL 1 6 30 5 183 198 126 
SERIAL 2: 11 31 98 130 253 183 162 21 69 103 126 
SERIAL 2: 5 31 102 118 126 
SERIAL 2: 14 31 105 19 131 129 192 230 0 189 105 219 241 126 
SERIAL 2: 14 31 105 19 131 131 229 226 0 189 82 104 222 126 
SERIAL 2: 14 31 105 19 131 134 138 222 0 189 86 42 244 126 
SERIAL 1 35 31 41 0 4 0 176 18 6 41 0 2 64 240 41 0 4 0 177 18 0 41 0 8 64 0 8 8 8 12 7 3 53 127 126 
SERIAL 2: 13 31 96 76 133 199 17 181 154 69 82 219 126 
SERIAL 2: 7 16 94 3 170 233 126 
SERIAL 2: 7 16 94 3 170 233 126 
SERIAL 2: 7 16 94 3 170 233 126 
SERIAL 2: 7 16 94 3 170 233 126 
SERIAL 2: 5 16 158 129 126 
SERIAL 1 6 16 5 45 214 126 
SERIAL 2: 11 17 98 131 132 241 190 117 228 188 126 
SERIAL 2: 5 17 143 8 126 
SERIAL 2: 14 17 105 19 131 136 175 218 0 189 105 111 240 126 
SERIAL 2: 14 17 105 19 131 138 212 214 0 189 101 104 225 126 
SERIAL 2: 14 17 105 19 131 140 249 210 0 189 96 73 191 126 
SERIAL 1 6 17 5 52 14 126 
SERIAL 2: 11 18 98 131 140 171 236 52 234 89 126 
SERIAL 2: 5 18 189 147 126 
SERIAL 2: 14 18 105 19 131 143 158 206 0 189 89 88 19 126 
SERIAL 2: 14 18 105 19 131 145 195 202 0 189 85 146 151 126 
SERIAL 2: 14 18 105 19 131 147 232 198 0 189 102 41 144 126 
SERIAL 1 6 18 5 30 102 126 
SERIAL 2: 11 19 98 131 147 230 130 16 101 190 126 
SERIAL 2: 5 19 172 26 126 
SERIAL 2: 14 19 105 19 131 150 141 194 0 189 106 46 87 126 
SERIAL 2: 14 19 105 19 131 152 178 190 0 189 84 188 84 126 
SERIAL 2: 14 19 105 19 131 154 215 186 0 189 88 139 101 126 
SERIAL 2: 14 19 105 19 131 156 252 182 0 189 92 101 242 126 
SERIAL 1 6 19 5 7 190 126 
SERIAL 2: 11 20 98 131 155 160 230 21 194 73 126 
SERIAL 2: 5 20 216 165 126 
SERIAL 2: 14 20 105 19 131 159 161 178 0 189 98 14 125 126 
SERIAL 2: 14 20 105 19 131 161 198 174 0 189 89 186 165 126 
SERIAL 2: 14 20 105 19 131 163 235 170 0 189 94 168 69 126 
SERIAL 1 6 20 5 74 182 126 
SERIAL 2: 11 21 98 131 162 219 216 78 129 151 126 
SERIAL 2: 5 21 201 44 126 
SERIAL 2: 14 21 105 19 131 166 144 166 0 189 109 86 214 126 
SERIAL 2: 14 21 105 19 131 168 181 162 0 189 92 123 87 126 
SERIAL 2: 14 21 105 19 131 170 218 158 0 189 103 236 216 126 
SERIAL 1 6 21 5 83 110 126 
SERIAL 2: 11 22 98 131 170 150 194 62 46 78 126 
SERIAL 2: 5 22 251 183 126 
SERIAL 2: 14 22 105 19 131 172 255 154 0 189 108 10 177 126 
SERIAL 2: 13 22 96 74 133 134 91 172 252 72 203 181 126 
SERIAL 2: 14 22 105 19 131 175 164 150 0 189 97 120 147 126 
SERIAL 1 24 22 41 0 4 0 176 18 6 41 0 2 64 112 41 0 4 0 177 18 0 148 131 126 
SERIAL 2: 7 23 94 3 38 236 126 
SERIAL 2: 7 23 94 3 38 236 126 
SERIAL 2: 7 23 94 3 38 236 126 
SERIAL 1 16 23 41 0 8 64 7 15 8 8 8 15 7 152 210 126 
SERIAL 2: 5 23 234 62 126 
SERIAL 2: 7 24 94 3 108 43 126 
SERIAL 2: 5 24 18 201 126 
SERIAL 2: 14 24 105 19 131 177 201 146 0 189 90 162 1 126 
SERIAL 1 6 24 5 227 22 126 
SERIAL 2: 11 25 98 131 177 208 231 113 3 217 126 
SERIAL 2: 5 25 3 64 126 
SERIAL 2: 14 25 105 19 131 179 238 142 0 189 105 129 176 126 
SERIAL 2: 14 25 105 19 131 182 147 138 0 189 99 33 6 126 
SERIAL 1 35 25 41 0 4 0 176 18 6 41 0 2 64 240 41 0 4 0 177 18 0 41 0 8 64 0 8 8 8 12 7 3 187 229 126 
SERIAL 2: 7 26 94 3 217 147 126 
SERIAL 2: 7 26 94 3 217 147 126 
SERIAL 2: 7 26 94 3 217 147 126 
SERIAL 2: 7 26 94 3 217 147 126 
SERIAL 2: 5 26 49 219 126 
SERIAL 2: 14 26 105 19 131 184 184 134 0 189 102 139 41 126 
SERIAL 2: 14 26 105 19 131 186 221 130 0 189 95 218 54 126 
SERIAL 1 6 26 5 208 166 126 
SERIAL 2: 11 27 98 131 185 139 188 23 74 144 126 
SERIAL 2: 5 27 32 82 126 
SERIAL 2: 14 27 105 19 131 189 129 254 0 189 84 155 48 126 
SERIAL 2: 14 27 105 19 131 191 166 250 0 189 94 30 157 126 
SERIAL 2: 14 27 105 19 131 193 203 246 0 189 88 205 251 126 
SERIAL 1 6 27 5 201 126 126 
SERIAL 2: 11 28 98 131 192 197 195 54 123 68 126 
SERIAL 2: 5 28 84 237 126 
SERIAL 2: 14 28 105 19 131 195 240 242 0 189 107 227 145 126 
SERIAL 2: 14 28 105 19 131 198 149 238 0 189 100 220 147 126 
SERIAL 2: 14 28 105 19 131 200 186 234 0 189 96 219 148 126 
SERIAL 2: 14 28 105 19 131 202 223 230 0 189 98 224 3 126 
SERIAL 2: 14 28 105 19 131 205 132 226 0 189 98 188 176 126 
SERIAL 2: 14 28 105 19 131 207 169 222 0 189 95 153 163 126 
SERIAL 2: 14 28 105 19 131 209 206 218 0 189 103 188 249 126 
SERIAL 1 0 
SERIAL 1 239   __TIMEOUT
SERIAL 2: 36 0 6 16 93 243 27 126 5 16 158 129 126   __TIMEOUT
SERIAL 1 8 17 1 0 40 66 36 126 
SERIAL 1 8 16 1 0 40 94 159 126 
SERIAL 2: 48 17 0 0 40 120 218 157 25 107 111 219 200 241 175 236 9 8 218 43 108 87 36 69 74 114 145 15 126 37 151 38 78 124 113 220 28 80 20 4 77 174 164 133 249 177 214 126 
SERIAL 2: 5 17 143 8 126 
SERIAL 1 8 17 1 40 40 175 215 126 
SERIAL 2: 48 18 0 40 40 58 46 233 71 15 249 239 157 217 217 23 41 37 7 52 64 96 238 238 204 236 204 236 188 245 199 44 107 219 217 233 236 125 41 218 150 119 179 163 217 17 143 126 
SERIAL 2: 5 18 189 147 126 
SERIAL 1 8 18 1 80 40 180 30 126 
SERIAL 2: 48 19 0 80 40 253 32 202 34 125 228 157 20 77 45 225 104 155 231 167 236 175 111 47 46 126 102 203 147 232 100 206 238 69 61 244 162 148 184 251 241 142 157 235 229 90 173 126 
SERIAL 2: 5 19 172 26 126 
SERIAL 1 9 19 1 128 120 40 7 150 126 
SERIAL 2: 49 20 0 128 120 40 207 44 60 9 147 147 112 30 36 243 32 140 129 84 222 84 85 86 23 64 228 143 89 86 150 77 158 245 60 109 68 33 89 222 12 117 255 250 85 62 71 125 126 
SERIAL 2: 5 20 216 165 126 
SERIAL 1 9 20 1 129 32 40 112 161 126 
SERIAL 2: 49 21 0 129 32 40 59 93 225 141 125 15 87 165 89 254 192 224 20 182 189 243 197 210 3 40 10 3 208 54 82 253 17 245 235 87 3 107 135 178 76 135 150 16 214 14 141 178 126 
SERIAL 2: 5 21 201 44 126 
SERIAL 1 9 21 1 129 72 40 208 112 126 
SERIAL 2: 49 22 0 129 72 40 225 247 129 119 47 150 38 48 240 128 208 29 151 125 218 139 252 65 210 170 239 178 90 86 162 79 205 173 76 212 32 191 190 31 24 204 75 158 117 169 36 154 126 
SERIAL 2: 5 22 251 183 126 
SERIAL 1 9 22 1 129 112 40 181 222 126 
SERIAL 2: 49 23 0 129 112 40 220 13 125 209 60 213 179 211 16 69 171 55 98 11 28 201 32 12 231 230 10 217 138 84 127 22 89 159 165 29 207 138 151 148 152 156 157 174 3 15 211 139 126 
SERIAL 2: 5 23 234 62 126 
SERIAL 1 9 23 1 130 24 40 250 107 126 
SERIAL 2: 49 24 0 130 24 40 239 185 140 22 241 62 222 236 116 57 119 80 117 86 54 219 84 212 86 106 77 41 114 28 104 81 13 4 45 83 167 191 216 145 83 155 188 27 19 27 218 118 126 
SERIAL 2: 5 24 18 201 126 
SERIAL 1 9 24 1 130 64 40 141 160 126 
SERIAL 2: 49 25 0 130 64 40 233 46 94 90 224 66 108 69 159 149 105 51 244 19 132 199 172 28 184 18 145 111 178 161 236 83 187 81 101 207 105 49 116 89 15 150 163 248 12 28 234 145 126 
SERIAL 2: 5 25 3 64 126 
SERIAL 1 9 25 1 130 104 40 107 23 126 
SERIAL 2: 49 26 0 130 104 40 61 14 118 208 55 237 136 86 62 186 60 76 44 240 174 88 44 150 43 171 214 78 106 29 50 110 62 138 133 253 138 237 87 98 191 150 246 139 151 217 97 54 126 
SERIAL 2: 5 26 49 219 126 
SERIAL 1 9 26 1 131 16 40 18 3 126 
SERIAL 2: 49 27 0 131 16 40 139 125 236 217 105 18 185 75 158 151 193 179 185 98 155 9 208 218 46 171 107 94 42 217 64 110 67 67 230 229 131 125 196 213 202 18 16 97 206 204 58 130 126 
SERIAL 2: 5 27 32 82 126 
SERIAL 1 9 27 1 131 56 40 244 180 126 
SERIAL 2: 49 28 0 131 56 40 171 45 28 221 178 200 131 36 8 13 101 128 178 111 187 138 167 80 233 147 232 119 240 194 253 253 62 60 195 109 186 24 113 23 14 87 200 176 120 58 19 94 126 
SERIAL 2: 5 28 84 237 126 
SERIAL 1 9 28 1 131 96 40 217 95 126 
SERIAL 2: 49 29 0 131 96 40 104 60 107 11 84 181 195 58 140 231 135 216 88 58 77 215 188 105 197 51 47 39 111 172 172 87 138 255 194 179 238 6 112 248 62 197 183 245 124 70 155 176 126 
SERIAL 2: 5 29 69 100 126 
SERIAL 1 9 29 1 132 8 40 245 139 126 
SERIAL 2: 49 30 0 132 8 40 114 216 2 149 57 205 198 78 182 246 169 58 96 55 249 11 248 145 163 161 173 102 55 76 237 8 118 246 12 105 225 56 6 113 167 132 49 116 244 226 246 196 126 
SERIAL 2: 5 30 119 255 126 
SERIAL 1 9 30 1 132 48 40 144 37 126 
SERIAL 2: 49 31 0 132 48 40 145 167 59 177 221 41 9 163 149 15 15 142 180 45 249 1 39 181 103 105 255 210 114 210 77 52 194 52 78 127 8 89 31 165 149 220 190 126 245 55 234 83 126 
SERIAL 1 9 31 1 132 88 40 48 244 126 
SERIAL 2: 5 31 102 118 126 
SERIAL 2: 49 16 0 132 88 40 136 114 209 24 23 159 22 205 40 151 214 76 34 231 16 178 95 174 93 228 200 229 1 107 99 82 20 246 243 165 206 211 177 53 179 188 42 210 61 3 241 241 126 
SERIAL 1 9 16 1 133 0 40 29 227 126 
SERIAL 2: 5 16 158 129 126 
SERIAL 2: 49 17 0 133 0 40 159 123 55 112 140 233 150 117 88 106 107 98 133 232 204 39 197 58 5 236 160 134 82 114 143 104 232 4 235 119 188 171 26 8 37 237 65 141 250 199 155 235 126 
SERIAL 2: 5 17 143 8 126 
SERIAL 1 9 17 1 133 40 40 251 84 126 
SERIAL 2: 49 18 0 133 40 40 78 169 137 19 187 175 242 33 235 172 109 116 207 233 94 28 98 189 221 68 203 235 69 197 201 194 92 212 235 59 212 135 83 43 8 93 240 251 1 236 68 103 126 
SERIAL 2: 5 18 189 147 126 
SERIAL 1 9 18 1 133 80 40 216 156 126 
SERIAL 2: 49 19 0 133 80 40 185 129 108 182 54 43 160 178 85 182 76 239 19 88 48 12 204 172 233 10 222 225 125 144 87 58 138 87 161 1 120 234 68 207 247 32 208 104 9 16 68 34 126 
SERIAL 2: 5 19 172 26 126 
SERIAL 1 9 19 1 133 120 40 62 43 126 
SERIAL 2: 49 20 0 133 120 40 66 57 175 120 183 229 117 254 146 98 96 3 38 96 139 130 92 186 107 42 190 151 118 100 86 181 190 3 232 181 77 58 227 180 4 172 187 192 74 226 254 85 126 
SERIAL 2: 5 20 216 165 126 
SERIAL 1 9 20 1 134 32 40 252 164 126 
SERIAL 2: 49 21 0 134 32 40 90 29 119 98 187 229 29 10 33 27 10 14 97 236 46 87 73 15 120 202 122 110 21 20 66 240 216 8 72 39 224 210 41 233 144 229 93 78 22 115 73 131 126 
SERIAL 2: 5 21 201 44 126 
SERIAL 1 9 21 1 134 72 40 92 117 126 
SERIAL 2: 49 22 0 134 72 40 52 219 130 55 43 62 65 201 122 165 96 192 29 104 57 180 248 10 224 135 71 51 29 155 83 9 247 165 96 129 54 245 224 55 233 57 9 39 96 248 118 94 126 
SERIAL 2: 5 22 251 183 126 
SERIAL 1 9 22 1 134 112 40 57 219 126 
SERIAL 2: 49 23 0 134 112 40 4 204 75 140 26 12 148 136 97 169 106 10 177 121 73 225 173 45 173 142 43 151 98 58 243 2 7 120 170 189 108 77 104 244 134 99 120 220 75 75 193 117 126 
SERIAL 2: 5 23 234 62 126 
SERIAL 1 9 23 1 135 24 40 195 214 126 
SERIAL 2: 49 24 0 135 24 40 174 131 198 156 0 21 250 32 253 72 8 75 21 199 64 71 248 23 159 151 75 178 245 69 232 176 100 179 233 159 178 142 251 232 224 159 214 39 139 204 92 113 126 
SERIAL 2: 5 24 18 201 126 
SERIAL 1 9 24 1 135 64 40 180 29 126 
SERIAL 2: 49 25 0 135 64 40 124 30 162 148 196 68 73 219 210 84 252 5 138 95 240 186 7 225 89 179 217 192 133 202 169 109 234 134 115 147 37 224 108 248 142 89 245 59 184 112 17 29 126 
SERIAL 2: 5 25 3 64 126 
SERIAL 1 9 25 1 135 104 40 82 170 126 
SERIAL 2: 49 26 0 135 104 40 215 148 133 90 252 216 80 24 239 186 102 100 56 43 176 90 147 3 212 91 89 147 137 253 147 161 45 156 57 81 241 181 27 60 89 98 48 12 178 187 242 214 126 
SERIAL 2: 5 26 49 219 126 
SERIAL 1 9 26 1 136 16 40 59 165 126 
SERIAL 2: 49 27 0 136 16 40 73 69 52 50 106 240 204 249 4 78 217 233 224 2 228 106 237 0 70 37 210 132 80 50 133 155 18 74 86 22 96 90 69 253 159 30 89 57 143 212 182 77 126 
SERIAL 2: 5 27 32 82 126 
SERIAL 1 9 27 1 136 56 40 221 18 126 
SERIAL 2: 49 28 0 136 56 40 41 202 173 160 130 220 2 226 142 231 15 94 237 21 5 134 135 73 233 101 57 104 27 8 122 211 251 189 156 154 24 2 163 98 101 162 139 213 114 4 41 97 126 
SERIAL 2: 5 28 84 237 126 
SERIAL 1 9 28 1 136 96 40 240 249 126 
SERIAL 2: 49 29 0 136 96 40 181 167 82 75 100 82 153 76 201 4 19 56 101 111 147 64 178 10 45 208 168 8 153 208 90 174 198 96 83 158 150 150 229 73 153 50 165 19 79 224 200 29 126 
SERIAL 2: 5 29 69 100 126 
SERIAL 1 9 29 1 137 8 40 10 244 126 
SERIAL 2: 49 30 0 137 8 40 246 8 89 195 219 203 243 223 169 247 49 144 65 90 23 27 122 163 165 21 136 40 79 148 4 18 91 147 61 148 250 190 115 137 103 43 35 83 161 5 202 32 126 
SERIAL 2: 5 30 119 255 126 
SERIAL 1 9 30 1 137 48 40 111 90 126 
SERIAL 2: 49 31 0 137 48 40 164 92 136 196 133 103 41 9 189 209 192 15 213 221 246 142 198 175 183 130 216 160 76 202 45 11 110 205 19 98 141 5 198 252 206 92 125 201 59 74 182 233 126 
SERIAL 2: 5 31 102 118 126 
SERIAL 1 9 31 1 137 88 40 207 139 126 
SERIAL 2: 49 16 0 137 88 40 105 38 236 236 84 8 131 191 2 146 6 168 70 85 122 224 183 230 83 225 83 174 152 222 7 8 160 42 132 241 101 152 52 13 192 119 180 7 164 36 131 219 126 
SERIAL 2: 5 16 158 129 126 
SERIAL 1 9 16 1 138 0 40 87 36 126 
SERIAL 2: 49 17 0 138 0 40 80 229 161 165 57 170 21 1 41 33 164 154 63 107 22 160 130 177 33 85 116 148 228 2 2 50 250 248 147 186 19 180 2 198 227 149 128 216 6 110 147 32 126 
SERIAL 2: 5 17 143 8 126 
SERIAL 1 9 17 1 138 40 40 177 147 126 
SERIAL 2: 49 18 0 138 40 40 156 147 186 232 182 12 8 206 139 143 222 105 180 48 167 163 52 131 91 58 205 64 130 227 94 146 0 148 196 161 28 202 49 149 144 141 201 44 85 35 209 25 126 
SERIAL 2: 5 18 189 147 126 
SERIAL 1 9 18 1 138 80 40 146 91 126 
SERIAL 2: 49 19 0 138 80 40 197 161 218 112 143 104 162 249 248 190 28 17 88 1 149 157 63 202 222 241 122 12 117 56 121 199 43 132 82 5 102 138 21 2 228 4 129 229 186 245 101 239 126 
SERIAL 2: 5 19 172 26 126 
SERIAL 1 9 19 1 138 120 40 116 236 126 
SERIAL 2: 49 20 0 138 120 40 155 96 237 0 84 93 130 214 75 9 137 217 252 228 101 43 192 0 146 186 60 28 169 90 229 79 155 222 41 57 193 139 104 108 212 33 250 244 1 15 110 197 126 
SERIAL 2: 5 20 216 165 126 
SERIAL 1 9 20 1 139 32 40 3 219 126 
SERIAL 2: 49 21 0 139 32 40 0 147 88 57 184 222 47 59 121 219 116 186 230 33 239 85 107 107 36 252 185 21 240 36 126 133 181 182 148 38 82 248 64 16 214 40 85 30 242 99 30 146 126 
SERIAL 2: 5 21 201 44 126 
SERIAL 1 9 21 1 139 72 40 163 10 126 
SERIAL 2: 49 22 0 139 72 40 207 7 22 223 76 41 139 179 145 179 203 139 244 250 236 55 44 80 177 210 62 191 187 77 111 222 125 188 197 144 54 59 157 221 156 71 71 55 231 33 214 68 126 
SERIAL 2: 5 22 251 183 126 
SERIAL 1 9 22 1 139 112 40 198 164 126 
SERIAL 2: 49 23 0 139 112 40 252 15 102 222 97 255 164 14 47 231 71 55 151 120 112 241 225 211 197 251 244 205 231 171 95 209 93 230 234 223 209 236 250 226 14 160 178 190 226 219 3 64 126 
SERIAL 1 9 23 1 140 24 40 234 112 126 
SERIAL 2: 5 23 234 62 126 
SERIAL 2: 49 24 0 140 24 40 44 140 147 57 0 222 124 189 166 219 66 108 217 62 95 93 92 189 251 215 85 250 245 221 199 203 79 95 241 217 66 220 188 189 250 12 155 196 5 239 189 42 126 
SERIAL 2: 5 24 18 201 126 
SERIAL 1 9 24 1 140 64 40 157 187 126 
SERIAL 2: 49 25 0 140 64 40 68 86 226 93 87 112 215 21 222 5 167 239 206 62 164 231 103 119 151 168 227 21 222 116 251 229 236 203 109 122 123 119 125 251 43 28 220 94 33 253 9 155 126 
SERIAL 2: 5 25 3 64 126 
SERIAL 1 9 25 1 140 104 40 123 12 126 
SERIAL 2: 49 26 0 140 104 40 228 27 150 165 3 20 202 170 149 83 131 32 93 126 225 167 18 97 14 48 96 210 184 190 57 155 207 78 255 61 63 90 253 7 184 60 199 239 21 125 202 143 126 
SERIAL 2: 5 26 49 219 126 
SERIAL 1 9 26 1 141 16 40 2 24 126 
SERIAL 2: 49 27 0 141 16 40 95 224 55 196 0 181 184 196 5 20 180 106 113 133 139 40 164 197 27 92 44 52 254 91 181 208 4 126 193 69 172 9 252 19 23 75 141 243 94 93 190 28 126 
SERIAL 2: 5 27 32 82 126 
SERIAL 1 9 27 1 141 56 40 228 175 126 
SERIAL 2: 49 28 0 141 56 40 163 113 62 168 5 226 124 27 69 6 232 99 212 12 43 136 162 8 56 62 154 101 50 158 47 150 133 170 209 250 146 199 243 32 188 7 129 53 150 22 96 239 126 
SERIAL 2: 5 28 84 237 126 
SERIAL 1 9 28 1 141 96 40 201 68 126 
SERIAL 2: 49 29 0 141 96 40 79 61 31 138 135 153 69 160 5 118 208 143 164 162 208 111 206 148 109 108 168 120 160 249 199 89 169 70 70 204 212 234 5 197 203 139 172 102 117 211 93 15 126 
SERIAL 2: 5 29 69 100 126 
SERIAL 1 9 29 1 142 8 40 134 241 126 
SERIAL 2: 49 30 0 142 8 40 51 176 117 134 241 130 65 136 163 184 198 148 201 178 167 157 128 111 50 61 201 90 112 30 184 137 2 178 193 29 36 87 185 175 11 216 166 233 24 88 18 56 126 
SERIAL 2: 5 30 119 255 126 
SERIAL 1 9 30 1 142 48 40 227 95 126 
SERIAL 2: 49 31 0 142 48 40 193 63 204 90 72 60 45 212 190 218 146 212 108 1 234 95 122 204 7 208 136 110 129 33 168 53 179 30 161 51 205 38 181 221 212 126 104 96 137 160 67 12 126 
SERIAL 2: 5 31 102 118 126 
SERIAL 1 9 31 1 142 88 40 67 142 126 
SERIAL 2: 49 16 0 142 88 40 104 241 212 36 209 174 74 29 138 52 112 202 107 102 58 83 139 143 151 209 176 144 181 89 7 22 71 149 170 234 63 204 65 199 33 131 201 94 141 12 108 137 126 
SERIAL 2: 5 16 158 129 126 
SERIAL 1 9 16 1 143 0 40 110 153 126 
SERIAL 2: 49 17 0 143 0 40 223 100 32 111 193 250 134 169 64 129 147 24 229 223 52 175 251 229 55 44 150 112 164 243 119 61 210 25 169 154 5 199 11 170 243 223 81 34 102 102 60 134 126 
SERIAL 2: 5 17 143 8 126 
SERIAL 1 9 17 1 143 40 40 136 46 126 
SERIAL 2: 49 18 0 143 40 40 136 230 102 129 148 15 169 132 51 80 122 156 169 122 36 183 7 96 200 115 86 113 72 166 212 42 155 195 170 121 228 134 109 134 211 20 244 124 119 108 67 13 126 
SERIAL 1 9 18 1 143 80 40 171 230 126 
SERIAL 2: 5 18 189 147 126 
SERIAL 2: 49 19 0 143 80 40 103 47 118 218 66 153 97 239 92 87 223 246 254 200 99 0 52 205 200 62 3 79 32 28 146 152 248 130 65 201 219 215 69 82 190 19 173 70 92 4 183 137 126 
SERIAL 1 9 19 1 143 120 40 77 81 126 
SERIAL 2: 5 19 172 26 126 
SERIAL 2: 49 20 0 143 120 40 99 0 213 108 56 153 36 13 97 13 196 168 10 242 168 96 91 118 157 61 163 150 87 70 161 52 18 185 134 134 40 3 181 67 175 12 57 203 188 44 200 57 126 
SERIAL 1 9 20 1 144 32 40 175 232 126 
SERIAL 2: 5 20 216 165 126 
SERIAL 2: 49 21 0 144 32 40 8 122 45 36 154 157 132 186 185 24 74 236 213 1 25 83 60 211 209 83 61 27 127 228 248 18 152 221 191 143 176 203 186 66 121 133 134 198 137 192 20 253 126 
SERIAL 1 9 21 1 144 72 40 15 57 126 
SERIAL 2: 5 21 201 44 126 
SERIAL 2: 49 22 0 144 72 40 53 170 95 85 61 12 190 186 77 217 60 81 217 244 17 220 33 99 36 14 250 161 10 63 56 98 242 15 192 65 232 0 27 33 255 64 212 45 21 23 40 33 126 
SERIAL 2: 5 22 251 183 126 
SERIAL 1 9 22 1 144 112 40 106 151 126 
SERIAL 2: 49 23 0 144 112 40 84 64 168 163 26 57 117 219 177 138 178 214 77 218 174 217 130 50 43 96 61 67 217 54 144 157 129 75 80 54 71 15 199 100 246 153 107 161 208 170 205 13 126 
SERIAL 1 9 23 1 145 24 40 144 154 126 
SERIAL 2: 5 23 234 62 126 
SERIAL 2: 49 24 0 145 24 40 209 5 225 26 84 53 60 3 154 60 142 23 111 45 192 158 118 216 147 40 75 72 90 57 208 27 13 207 40 13 59 76 171 161 31 96 96 166 187 5 226 165 126 
SERIAL 2: 5 24 18 201 126 
SERIAL 1 9 24 1 145 64 40 231 81 126 
SERIAL 2: 49 25 0 145 64 40 119 165 55 84 12 32 132 168 134 202 236 25 231 0 139 187 53 3 50 213 170 3 49 229 224 42 88 249 243 242 91 237 241 125 211 176 77 166 164 35 140 40 126 
SERIAL 2: 5 25 3 64 126 
SERIAL 1 9 25 1 145 104 40 1 230 126 
SERIAL 2: 49 26 0 145 104 40 201 112 50 241 197 55 41 84 25 0 170 145 32 13 242 190 40 125 32 38 228 107 201 213 164 229 174 150 67 139 57 155 147 247 171 144 139 179 238 175 85 185 126 
SERIAL 1 9 26 1 146 16 40 205 74 126 
SERIAL 2: 5 26 49 219 126 
SERIAL 2: 49 27 0 146 16 40 89 159 239 138 102 75 90 252 137 90 83 245 227 3 180 103 67 253 0 132 49 116 208 108 218 219 151 238 0 12 129 124 4 98 139 132 144 136 30 12 108 248 126 
SERIAL 2: 5 27 32 82 126 
SERIAL 1 9 27 1 146 56 40 43 253 126 
SERIAL 2: 49 28 0 146 56 40 213 128 100 185 212 239 235 102 108 20 217 154 186 132 96 248 8 4 178 251 210 196 56 43 62 205 43 152 46 82 232 23 138 201 220 227 148 125 130 40 42 237 126 
SERIAL 2: 5 28 84 237 126 
SERIAL 1 9 28 1 146 96 40 6 22 126 
SERIAL 2: 49 29 0 146 96 40 11 153 242 30 235 138 13 206 189 228 79 84 190 168 223 75 108 192 213 191 162 20 52 204 146 56 61 192 240 70 38 147 195 49 30 97 33 8 89 66 210 118 126 
SERIAL 2: 5 29 69 100 126 
SERIAL 1 9 29 1 147 8 40 252 27 126 
SERIAL 2: 49 30 0 147 8 40 13 168 63 158 93 188 167 185 163 153 188 169 122 14 181 89 102 29 230 29 172 95 15 20 45 248 132 100 240 56 199 212 161 154 220 9 75 53 72 107 17 244 126 
SERIAL 2: 5 30 119 255 126 
SERIAL 1 9 30 1 147 48 40 153 181 126 
SERIAL 2: 49 31 0 147 48 40 123 179 62 204 107 80 89 68 193 42 142 85 154 212 139 68 229 73 90 36 177 178 7 88 36 201 18 190 163 111 64 169 20 57 168 26 240 103 248 131 151 80 126 
SERIAL 2: 5 31 102 118 126 
SERIAL 1 9 31 1 147 88 40 57 100 126 
SERIAL 2: 49 16 0 147 88 40 210 219 155 15 143 209 76 53 28 45 4 17 78 191 31 153 46 126 212 144 42 231 79 15 117 60 199 24 136 205 239 64 35 148 204 235 209 153 58 161 255 210 126 
SERIAL 2: 5 16 158 129 126 
SERIAL 1 9 16 1 148 0 40 194 170 126 
SERIAL 2: 49 17 0 148 0 40 138 246 24 179 37 117 54 174 128 60 142 236 91 67 226 211 99 49 85 99 170 233 25 238 153 135 86 133 59 4 154 212 182 82 72 83 13 228 85 243 139 224 126 
SERIAL 2: 5 17 143 8 126 
SERIAL 1 9 17 1 148 40 40 36 29 126 
SERIAL 2: 49 18 0 148 40 40 255 35 198 53 138 254 72 189 251 209 76 205 204 82 130 75 216 17 228 49 198 117 51 243 27 145 134 182 29 66 227 254 37 254 72 17 241 99 55 71 53 40 126 
SERIAL 2: 5 18 189 147 126 
SERIAL 1 9 18 1 148 80 40 7 213 126 
SERIAL 2: 49 19 0 148 80 40 75 141 174 189 62 92 173 141 106 188 89 149 7 107 135 86 212 23 156 32 44 14 221 156 82 216 180 246 33 189 172 23 110 182 181 55 101 240 4 48 12 77 126 
SERIAL 2: 5 19 172 26 126 
SERIAL 1 9 19 1 148 120 40 225 98 126 
SERIAL 2: 49 20 0 148 120 40 19 44 95 33 11 111 46 165 117 98 90 174 33 207 213 240 13 197 195 110 2 216 244 231 191 199 232 79 228 212 80 163 65 43 229 183 54 18 243 116 255 67 126 
SERIAL 2: 5 20 216 165 126 
SERIAL 1 9 20 1 149 32 40 150 85 126 
SERIAL 2: 49 21 0 149 32 40 157 243 201 100 235 24 211 170 143 51 26 64 184 102 91 143 8 76 3 65 141 170 79 242 126 80 97 191 160 177 15 148 73 16 41 82 147 151 164 54 33 246 126 
SERIAL 2: 5 21 201 44 126 
SERIAL 1 9 21 1 149 72 40 54 132 126 
SERIAL 2: 49 22 0 149 72 40 23 213 28 187 136 106 230 84 135 117 24 31 234 94 247 94 210 159 80 248 79 26 196 227 118 241 79 77 32 84 133 108 215 171 202 114 29 81 89 43 15 31 126 
SERIAL 2: 5 22 251 183 126 
SERIAL 1 9 22 1 149 112 40 83 42 126 
SERIAL 2: 49 23 0 149 112 40 157 233 202 161 210 127 228 239 218 119 66 215 2 78 250 67 154 33 10 164 155 76 34 201 248 77 15 58 248 64 233 65 63 116 226 218 198 125 25 176 157 38 126 
SERIAL 2: 5 23 234 62 126 
SERIAL 1 9 23 1 150 24 40 28 159 126 
SERIAL 2: 49 24 0 150 24 40 97 36 121 215 126 43 232 140 45 207 108 95 122 120 102 234 217 94 168 66 165 170 99 233 167 166 97 20 42 2 8 101 250 135 115 8 101 143 243 147 106 197 126 
SERIAL 2: 5 24 18 201 126 
SERIAL 1 9 24 1 150 64 40 107 84 126 
SERIAL 2: 31 25 0 150 64 22 32 60 153 131 159 46 142 183 197 178 88 207 215 97 54 251 246 63 191 179 134 53 99 57 126 
SERIAL 2: 5 25 3 64 126 
SERIAL 1 9 25 1 150 86 40 161 81 126 
SERIAL 2: 9 26 0 150 86 0 13 108 126 
SERIAL 2: 5 26 49 219 126 
SERIAL 1 6 26 4 193 47 126 
SERIAL 2: 11 27 97 0 142 143 129 36 172 4 126 
SERIAL 2: 5 27 32 82 126 
SERIAL 1 6 27 5 201 126 126 
SERIAL 2: 10 28 98 142 202 160 22 126 35 126 
SERIAL 2: 5 28 84 237 126 
SERIAL 1 6 28 5 132 118 126 
SERIAL 2: 10 29 98 143 133 165 40 140 71 126 
SERIAL 2: 5 29 69 100 126 
SERIAL 1 6 29 5 157 174 126 
SERIAL 2: 10 30 98 143 192 153 22 120 14 126 
SERIAL 2: 5 30 119 255 126 
SERIAL 1 6 30 5 183 198 126 
SERIAL 2: 10 31 98 143 251 158 39 190 47 126 
SERIAL 2: 5 31 102 118 126 
SERIAL 1 6 31 5 174 30 126 
SERIAL 2: 10 16 98 144 182 176 117 195 67 126 
SERIAL 2: 5 16 158 129 126 
SERIAL 1 6 16 5 45 214 126 
SERIAL 2: 10 17 98 144 242 156 123 193 146 126 
SERIAL 2: 5 17 143 8 126 
SERIAL 1 6 17 5 52 14 126 
SERIAL 2: 10 18 98 145 173 153 61 65 250 126 
SERIAL 2: 5 18 189 147 126 
SERIAL 1 6 18 5 30 102 126 
SERIAL 2: 10 19 98 145 232 130 67 145 218 126 
SERIAL 2: 5 19 172 26 126 
SERIAL 1 6 19 7 36 172 126 
SERIAL 2: 10 20 99 0 0 0 0 116 187 126 
SERIAL 1 6 20 5 74 182 126 
SERIAL 2: 5 20 216 165 126 
SERIAL 2: 10 21 98 145 244 184 33 162 208 126 
SERIAL 2: 5 21 201 44 126 
SERIAL 1 7 21 8 22 83 95 126 
SERIAL 2: 5 22 251 183 126 
SERIAL 1 7 22 43 0 192 215 126 
SERIAL 2: 5 23 234 62 126 
SERIAL 1 12 23 42 0 0 152 181 0 60 0 146 126 
SERIAL 2: 5 24 18 201 126 
SERIAL 1 16 24 17 14 62 0 0 0 16 14 137 226 0 83 126 126 
SERIAL 2: 5 25 3 64 126 
SERIAL 1 11 25 23 1 40 41 0 32 174 153 126 
SERIAL 2: 5 26 49 219 126 
SERIAL 1 11 26 17 15 31 1 1 0 153 69 126 
SERIAL 2: 5 27 32 82 126 
SERIAL 1 9 27 26 2 37 1 56 26 126 
SERIAL 2: 5 28 84 237 126 
SERIAL 1 7 28 30 3 73 44 126 
SERIAL 2: 5 29 69 100 126 
SERIAL 1 11 29 23 4 46 47 0 32 122 248 126 
SERIAL 2: 5 30 119 255 126 
SERIAL 1 11 30 17 16 42 1 1 0 10 42 126 
SERIAL 2: 5 31 102 118 126 
SERIAL 1 9 31 26 5 73 1 85 250 126 
SERIAL 2: 5 16 158 129 126 
SERIAL 1 7 16 30 6 187 34 126 
SERIAL 2: 5 17 143 8 126 
SERIAL 1 59 17 23 7 17 19 0 32 17 17 23 1 1 0 26 8 27 1 30 9 23 10 91 89 0 32 17 18 80 1 1 0 26 11 26 1 30 12 32 19 87 17 20 12 0 0 166 146 232 0 16 20 128 225 212 0 251 46 126 
SERIAL 2: 5 18 189 147 126 
SERIAL 1 57 18 23 13 4 6 0 32 17 21 2 1 1 0 6 134 135 173 241 60 15 14 147 192 244 103 0 31 19 152 171 158 0 128 253 0 8 130 164 252 0 130 119 191 53 4 15 20 147 193 206 60 0 7 4 10 126 
SERIAL 2: 15 19 99 1 134 135 173 241 60 0 132 97 168 181 126 
SERIAL 2: 5 19 172 26 126 
SERIAL 1 7 19 19 1 144 129 126 
SERIAL 2: 8 20 102 1 0 17 169 126 
SERIAL 2: 5 20 216 165 126 
SERIAL 1 7 20 19 4 75 41 126 
SERIAL 2: 8 21 102 4 0 115 170 126 
SERIAL 2: 5 21 201 44 126 
SERIAL 1 7 21 19 7 35 110 126 
SERIAL 2: 8 22 102 7 0 124 15 126 
SERIAL 2: 5 22 251 183 126 
SERIAL 1 7 22 19 10 23 239 126 
SERIAL 2: 8 23 102 10 0 208 204 126 
SERIAL 2: 5 23 234 62 126 
SERIAL 1 7 23 19 13 57 140 126 
SERIAL 2: 8 24 102 13 0 47 61 126 
SERIAL 2: 5 24 18 201 126 
SERIAL 1 35 24 41 0 27 0 174 213 128 168 63 211 0 64 141 20 32 2 161 200 218 18 129 239 217 161 219 0 46 164 166 175 37 43 126 
SERIAL 2: 5 25 3 64 126 
SERIAL 1 59 25 41 0 4 0 176 16 0 41 0 17 64 0 0 0 0 0 0 0 0 0 0 0 0 0 0 0 0 41 0 4 0 176 17 0 41 0 17 64 0 0 0 0 0 0 0 0 0 0 0 0 0 0 0 0 201 14 126 
SERIAL 2: 5 26 49 219 126 
SERIAL 1 59 26 41 0 4 0 176 18 0 41 0 17 64 0 0 0 0 0 0 0 0 0 0 0 0 0 0 0 0 41 0 4 0 176 19 0 41 0 17 64 0 0 0 0 0 0 0 0 0 0 0 0 0 0 0 0 123 186 126 
SERIAL 2: 5 27 32 82 126 
SERIAL 1 59 27 41 0 4 0 176 20 0 41 0 17 64 0 0 0 0 0 0 0 0 0 0 0 0 0 0 0 0 41 0 4 0 176 21 0 41 0 17 64 0 0 0 0 0 0 0 0 0 0 0 0 0 0 0 0 128 16 126 
SERIAL 2: 5 28 84 237 126 
SERIAL 1 59 28 41 0 4 0 176 22 0 41 0 17 64 0 0 0 0 0 0 0 0 0 0 0 0 0 0 0 0 41 0 4 0 176 23 0 41 0 17 64 0 0 0 0 0 0 0 0 0 0 0 0 0 0 0 0 22 195 126 
SERIAL 2: 5 29 69 100 126 
SERIAL 1 59 29 41 0 4 0 177 16 0 41 0 17 64 0 0 0 0 0 0 0 0 0 0 0 0 0 0 0 0 41 0 4 0 177 17 0 41 0 17 64 0 0 0 0 0 0 0 0 0 0 0 0 0 0 0 0 240 245 126 
SERIAL 2: 5 30 119 255 126 
SERIAL 1 59 30 41 0 4 0 177 18 0 41 0 17 64 0 0 0 0 0 0 0 0 0 0 0 0 0 0 0 0 41 0 4 0 177 19 0 41 0 17 64 0 0 0 0 0 0 0 0 0 0 0 0 0 0 0 0 66 65 126 
SERIAL 2: 5 31 102 118 126 
SERIAL 1 59 31 41 0 4 0 177 20 0 41 0 17 64 0 0 0 0 0 0 0 0 0 0 0 0 0 0 0 0 41 0 4 0 177 21 0 41 0 17 64 0 0 0 0 0 0 0 0 0 0 0 0 0 0 0 0 185 235 126 
SERIAL 2: 5 16 158 129 126 
SERIAL 1 59 16 41 0 4 0 177 22 0 41 0 17 64 0 0 0 0 0 0 0 0 0 0 0 0 0 0 0 0 41 0 4 0 177 23 0 41 0 17 64 0 0 0 0 0 0 0 0 0 0 0 0 0 0 0 0 103 246 126 
SERIAL 2: 5 17 143 8 126 
SERIAL 1 59 17 41 0 4 0 178 16 0 41 0 17 64 0 0 0 0 0 0 0 0 0 0 0 0 0 0 0 0 41 0 4 0 178 17 0 41 0 17 64 0 0 0 0 0 0 0 0 0 0 0 0 0 0 0 0 186 248 126 
SERIAL 2: 5 18 189 147 126 
SERIAL 1 59 18 41 0 4 0 178 18 0 41 0 17 64 0 0 0 0 0 0 0 0 0 0 0 0 0 0 0 0 41 0 4 0 178 19 0 41 0 17 64 0 0 0 0 0 0 0 0 0 0 0 0 0 0 0 0 8 76 126 
SERIAL 2: 5 19 172 26 126 
SERIAL 1 59 19 41 0 4 0 178 20 0 41 0 17 64 0 0 0 0 0 0 0 0 0 0 0 0 0 0 0 0 41 0 4 0 178 21 0 41 0 17 64 0 0 0 0 0 0 0 0 0 0 0 0 0 0 0 0 243 230 126 
SERIAL 2: 5 20 216 165 126 
SERIAL 1 59 20 41 0 4 0 178 22 0 41 0 17 64 0 0 0 0 0 0 0 0 0 0 0 0 0 0 0 0 41 0 4 0 178 23 0 41 0 17 64 0 0 0 0 0 0 0 0 0 0 0 0 0 0 0 0 101 53 126 
SERIAL 2: 5 21 201 44 126 
SERIAL 1 59 21 41 0 4 0 179 16 0 41 0 17 64 0 0 0 0 0 0 0 0 0 0 0 0 0 0 0 0 41 0 4 0 179 17 0 41 0 17 64 0 0 0 0 0 0 0 0 0 0 0 0 0 0 0 0 131 3 126 
SERIAL 2: 5 22 251 183 126 
SERIAL 1 59 22 41 0 4 0 179 18 0 41 0 17 64 0 0 0 0 0 0 0 0 0 0 0 0 0 0 0 0 41 0 4 0 179 19 0 41 0 17 64 0 0 0 0 0 0 0 0 0 0 0 0 0 0 0 0 49 183 126 
SERIAL 2: 5 23 234 62 126 
SERIAL 1 59 23 41 0 4 0 179 20 0 41 0 17 64 0 0 0 0 0 0 0 0 0 0 0 0 0 0 0 0 41 0 4 0 179 21 0 41 0 17 64 0 0 0 0 0 0 0 0 0 0 0 0 0 0 0 0 202 29 126 
SERIAL 2: 5 24 18 201 126 
SERIAL 1 59 24 41 0 4 0 179 22 0 41 0 17 64 0 0 0 0 0 0 0 0 0 0 0 0 0 0 0 0 41 0 4 0 179 23 0 41 0 17 64 0 0 0 0 0 0 0 0 0 0 0 0 0 0 0 0 20 0 126 
SERIAL 2: 5 25 3 64 126 
SERIAL 1 59 25 41 0 4 0 180 16 0 41 0 17 64 0 0 0 0 0 0 0 0 0 0 0 0 0 0 0 0 41 0 4 0 180 17 0 41 0 17 64 0 0 0 0 0 0 0 0 0 0 0 0 0 0 0 0 191 126 126 
SERIAL 2: 5 26 49 219 126 
SERIAL 1 59 26 41 0 4 0 180 18 0 41 0 17 64 0 0 0 0 0 0 0 0 0 0 0 0 0 0 0 0 41 0 4 0 180 19 0 41 0 17 64 0 0 0 0 0 0 0 0 0 0 0 0 0 0 0 0 13 202 126 
SERIAL 2: 5 27 32 82 126 
SERIAL 1 59 27 41 0 4 0 180 20 0 41 0 17 64 0 0 0 0 0 0 0 0 0 0 0 0 0 0 0 0 41 0 4 0 180 21 0 41 0 17 64 0 0 0 0 0 0 0 0 0 0 0 0 0 0 0 0 246 96 126 
SERIAL 2: 5 28 84 237 126 
SERIAL 1 59 28 41 0 4 0 180 22 0 41 0 17 64 0 0 0 0 0 0 0 0 0 0 0 0 0 0 0 0 41 0 4 0 180 23 0 41 0 17 64 0 0 0 0 0 0 0 0 0 0 0 0 0 0 0 0 96 179 126 
SERIAL 2: 5 29 69 100 126 
SERIAL 1 59 29 41 0 4 0 181 16 0 41 0 17 64 0 0 0 0 0 0 0 0 0 0 0 0 0 0 0 0 41 0 4 0 181 17 0 41 0 17 64 0 0 0 0 0 0 0 0 0 0 0 0 0 0 0 0 134 133 126 
SERIAL 2: 5 30 119 255 126 
SERIAL 1 59 30 41 0 4 0 181 18 0 41 0 17 64 0 0 0 0 0 0 0 0 0 0 0 0 0 0 0 0 41 0 4 0 181 19 0 41 0 17 64 0 0 0 0 0 0 0 0 0 0 0 0 0 0 0 0 52 49 126 
SERIAL 2: 5 31 102 118 126 
SERIAL 1 59 31 41 0 4 0 181 20 0 41 0 17 64 0 0 0 0 0 0 0 0 0 0 0 0 0 0 0 0 41 0 4 0 181 21 0 41 0 17 64 0 0 0 0 0 0 0 0 0 0 0 0 0 0 0 0 207 155 126 
SERIAL 2: 5 16 158 129 126 
SERIAL 1 59 16 41 0 4 0 181 22 0 41 0 17 64 0 0 0 0 0 0 0 0 0 0 0 0 0 0 0 0 41 0 4 0 181 23 0 41 0 17 64 0 0 0 0 0 0 0 0 0 0 0 0 0 0 0 0 17 134 126 
SERIAL 2: 5 17 143 8 126 
SERIAL 1 59 17 41 0 4 0 182 16 0 41 0 17 64 0 0 0 0 0 0 0 0 0 0 0 0 0 0 0 0 41 0 4 0 182 17 0 41 0 17 64 0 0 0 0 0 0 0 0 0 0 0 0 0 0 0 0 204 136 126 
SERIAL 2: 5 18 189 147 126 
SERIAL 1 59 18 41 0 4 0 182 18 0 41 0 17 64 0 0 0 0 0 0 0 0 0 0 0 0 0 0 0 0 41 0 4 0 182 19 0 41 0 17 64 0 0 0 0 0 0 0 0 0 0 0 0 0 0 0 0 126 60 126 
SERIAL 2: 5 19 172 26 126 
SERIAL 1 59 19 41 0 4 0 182 20 0 41 0 17 64 0 0 0 0 0 0 0 0 0 0 0 0 0 0 0 0 41 0 4 0 182 21 0 41 0 17 64 0 0 0 0 0 0 0 0 0 0 0 0 0 0 0 0 133 150 126 
SERIAL 2: 5 20 216 165 126 
SERIAL 1 59 20 41 0 4 0 182 22 0 41 0 17 64 0 0 0 0 0 0 0 0 0 0 0 0 0 0 0 0 41 0 4 0 182 23 0 41 0 17 64 0 0 0 0 0 0 0 0 0 0 0 0 0 0 0 0 19 69 126 
SERIAL 2: 5 21 201 44 126 
SERIAL 1 59 21 41 0 4 0 183 16 0 41 0 17 64 0 0 0 0 0 0 0 0 0 0 0 0 0 0 0 0 41 0 4 0 183 17 0 41 0 17 64 0 0 0 0 0 0 0 0 0 0 0 0 0 0 0 0 245 115 126 
SERIAL 2: 5 22 251 183 126 
SERIAL 1 59 22 41 0 4 0 183 18 0 41 0 17 64 0 0 0 0 0 0 0 0 0 0 0 0 0 0 0 0 41 0 4 0 183 19 0 41 0 17 64 0 0 0 0 0 0 0 0 0 0 0 0 0 0 0 0 71 199 126 
SERIAL 2: 5 23 234 62 126 
SERIAL 1 59 23 41 0 4 0 183 20 0 41 0 17 64 0 0 0 0 0 0 0 0 0 0 0 0 0 0 0 0 41 0 4 0 183 21 0 41 0 17 64 0 0 0 0 0 0 0 0 0 0 0 0 0 0 0 0 188 109 126 
SERIAL 2: 5 24 18 201 126 
SERIAL 1 59 24 41 0 4 0 183 22 0 41 0 17 64 0 0 0 0 0 0 0 0 0 0 0 0 0 0 0 0 41 0 4 0 183 23 0 41 0 17 64 0 0 0 0 0 0 0 0 0 0 0 0 0 0 0 0 98 112 126 
SERIAL 2: 5 25 3 64 126 
SERIAL 1 60 25 41 0 4 0 176 16 2 41 0 13 64 84 84 84 124 124 124 124 124 124 84 84 84 41 0 4 0 176 18 0 41 0 15 64 240 248 136 200 104 248 240 0 0 24 60 36 60 24 41 0 4 0 176 21 3 203 205 126 
SERIAL 2: 5 26 49 219 126 
SERIAL 1 53 26 41 0 12 64 24 60 124 60 128 128 32 112 120 120 112 41 0 4 0 176 23 0 41 0 16 64 240 248 136 200 104 248 240 0 96 96 0 0 128 192 96 41 0 4 0 177 16 4 1 14 126 
SERIAL 2: 13 26 105 19 154 208 154 0 189 95 147 58 126 
SERIAL 1 64 27 41 0 9 64 7 7 23 55 55 23 5 7 41 0 4 0 177 18 0 41 0 8 64 7 15 9 8 8 15 7 41 0 4 0 177 21 2 41 0 12 64 14 30 30 14 4 1 1 60 62 60 24 41 0 4 0 177 23 0 155 180 126 
SERIAL 2: 5 27 32 82 126 
SERIAL 1 56 28 41 0 16 64 7 15 9 8 8 15 7 0 8 12 6 3 1 12 12 41 0 4 0 178 21 0 41 0 15 64 124 20 4 0 124 84 68 0 124 84 68 0 124 68 41 0 4 0 178 21 14 10 140 126 
SERIAL 2: 5 28 84 237 126 
SERIAL 1 60 29 41 0 17 64 56 0 0 32 48 248 248 0 0 0 240 248 136 200 104 248 41 0 4 0 178 22 14 41 0 18 64 240 0 240 248 136 200 104 248 240 0 96 96 0 0 128 192 96 41 0 4 0 179 21 0 8 108 126 
SERIAL 2: 5 29 69 100 126 
SERIAL 1 57 30 41 0 15 64 31 5 26 0 30 5 30 0 1 31 1 0 31 21 41 0 4 0 179 21 14 41 0 17 64 17 0 0 8 8 15 15 8 8 0 7 15 9 8 8 15 41 0 4 0 179 22 14 21 93 126 
SERIAL 2: 5 30 119 255 126 
SERIAL 1 60 31 41 0 18 64 7 0 7 15 9 8 8 15 7 0 8 12 6 3 1 12 12 41 0 4 0 180 16 0 41 0 17 64 255 1 1 1 1 1 1 1 1 1 1 1 1 1 1 1 41 0 4 0 180 17 0 250 235 126 
SERIAL 2: 5 31 102 118 126 
SERIAL 1 59 16 41 0 17 64 1 1 1 1 1 1 1 1 1 1 1 1 1 1 1 1 41 0 4 0 180 18 0 41 0 17 64 241 249 137 201 105 249 241 1 97 97 1 1 129 193 97 1 41 0 4 0 180 19 0 91 174 126 
SERIAL 2: 5 16 158 129 126 
SERIAL 1 59 17 41 0 17 64 1 1 1 1 1 1 1 1 1 1 1 1 1 1 1 1 41 0 4 0 180 20 0 41 0 17 64 1 1 1 1 1 1 1 1 1 1 1 1 1 1 1 255 41 0 4 0 180 21 8 70 248 126 
SERIAL 2: 5 17 143 8 126 
SERIAL 1 47 18 41 0 5 64 240 248 136 200 41 0 4 0 180 21 12 41 0 17 64 104 248 240 0 240 248 136 200 104 248 240 0 0 0 0 48 41 0 4 0 180 22 12 214 150 126 
SERIAL 2: 5 18 189 147 126 
SERIAL 1 63 19 5 41 0 20 64 48 0 0 0 240 248 136 200 104 248 240 0 240 248 136 200 104 248 240 41 0 4 0 181 16 0 41 0 17 64 255 128 128 128 128 128 128 128 128 128 128 128 128 128 128 128 41 0 4 0 181 17 0 247 80 126 
SERIAL 2: 5 19 172 26 126 
SERIAL 1 59 20 41 0 17 64 128 128 128 128 128 128 128 128 128 128 128 128 128 128 128 128 41 0 4 0 181 18 0 41 0 17 64 135 143 137 136 136 143 135 128 136 140 134 131 129 140 140 128 41 0 4 0 181 19 0 127 79 126 
SERIAL 2: 10 20 98 153 236 184 0 48 255 126 
SERIAL 1 59 21 41 0 17 64 128 128 128 128 128 128 128 128 128 128 128 128 128 128 128 128 41 0 4 0 181 20 0 41 0 17 64 128 128 128 128 128 128 128 128 128 128 128 128 128 128 128 255 41 0 4 0 181 21 8 76 77 126 
SERIAL 2: 5 20 216 165 126 
SERIAL 1 47 22 41 0 5 64 7 15 9 8 41 0 4 0 181 21 12 41 0 17 64 8 15 7 0 7 15 9 8 8 15 7 0 0 0 0 6 41 0 4 0 181 22 12 1 41 126 
SERIAL 2: 5 21 201 44 126 
SERIAL 1 51 23 41 0 20 64 6 0 0 0 7 15 9 8 8 15 7 0 7 15 9 8 8 15 7 41 0 4 0 182 16 0 41 0 6 64 8 248 248 136 136 41 0 4 0 182 16 5 196 83 126 
SERIAL 2: 5 22 251 183 126 
SERIAL 1 61 24 41 0 17 64 248 112 0 128 192 64 64 64 192 128 0 0 64 64 64 192 41 0 4 0 182 17 5 41 0 19 64 128 0 0 0 128 192 72 248 248 0 0 192 192 0 0 0 192 192 41 0 4 0 183 16 0 214 171 126 
SERIAL 2: 5 23 234 62 126 
SERIAL 1 49 25 41 0 7 64 8 15 15 0 1 15 41 0 4 0 183 16 6 41 0 17 64 14 0 7 15 9 9 9 13 5 0 6 15 9 9 7 15 41 0 4 0 183 17 6 196 61 126 
SERIAL 2: 5 24 18 201 126 
SERIAL 2: 5 25 3 64 126 
SERIAL 2: 13 25 105 19 156 245 150 0 189 90 219 155 126 
SERIAL 1 56 26 41 0 18 64 8 0 7 15 8 8 7 15 8 0 35 39 36 36 52 31 15 41 0 4 0 176 17 9 41 0 13 64 32 48 248 248 0 0 0 112 248 136 136 136 41 0 4 0 177 17 9 199 148 126 
SERIAL 2: 5 26 49 219 126 
SERIAL 1 23 27 41 0 15 64 8 8 15 15 8 8 0 0 8 8 8 12 7 3 104 79 126 
SERIAL 2: 5 27 32 82 126 
SERIAL 2: 5 28 84 237 126 
SERIAL 2: 13 28 105 19 159 154 146 0 189 97 147 13 126 
SERIAL 2: 13 28 105 19 161 191 142 0 189 104 226 238 126 
SERIAL 1 6 28 5 132 118 126 
SERIAL 2: 10 29 98 160 231 235 70 87 22 126 
SERIAL 2: 5 29 69 100 126 
SERIAL 2: 13 29 105 19 163 228 138 0 189 97 122 230 126 
SERIAL 2: 13 29 105 19 166 137 134 0 189 92 206 244 126 
SERIAL 2: 13 29 105 19 168 174 130 0 189 100 104 60 126 
SERIAL 2: 16 29 96 130 13 128 225 153 102 186 206 233 45 192 6 126 
SERIAL 1 6 29 5 157 174 126 
SERIAL 2: 10 30 98 168 162 218 35 26 169 126 
SERIAL 2: 5 30 119 255 126 
SERIAL 2: 13 30 105 19 170 210 254 0 189 95 150 143 126 
SERIAL 2: 13 30 105 19 172 247 250 0 189 100 53 12 126 
SERIAL 2: 13 30 105 19 175 156 246 0 189 102 107 8 126 
SERIAL 2: 13 30 105 19 177 193 242 0 189 107 176 5 126 
SERIAL 1 6 30 5 183 198 126 
SERIAL 2: 10 31 98 175 221 204 100 116 70 126 
SERIAL 2: 5 31 102 118 126 
SERIAL 1 35 31 41 0 4 0 176 18 6 41 0 2 64 112 41 0 4 0 177 18 0 41 0 8 64 7 15 8 8 8 15 7 253 72 126 
SERIAL 2: 13 31 105 19 179 230 238 0 189 96 79 165 126 
SERIAL 2: 5 16 158 129 126 
SERIAL 2: 13 16 105 19 182 139 234 0 189 95 171 85 126 
SERIAL 1 17 16 41 0 4 0 176 18 6 41 0 2 64 240 57 171 126 
SERIAL 2: 5 17 143 8 126 
SERIAL 1 23 17 41 0 4 0 177 18 0 41 0 8 64 0 8 8 8 12 7 3 38 27 126 
SERIAL 2: 5 18 189 147 126 
SERIAL 2: 13 18 105 19 184 176 230 0 189 105 89 177 126 
SERIAL 1 6 18 5 30 102 126 
SERIAL 2: 10 19 98 183 152 169 89 173 139 126 
SERIAL 2: 5 19 172 26 126 
SERIAL 2: 13 19 105 19 186 213 226 0 189 93 158 182 126 
SERIAL 2: 13 19 105 19 188 250 222 0 189 104 49 201 126 
SERIAL 1 12 19 41 0 4 0 176 18 6 153 96 126 
SERIAL 2: 5 20 216 165 126 
SERIAL 1 28 20 41 0 2 64 112 41 0 4 0 177 18 0 41 0 8 64 7 15 8 8 8 15 7 89 112 126 
SERIAL 2: 5 21 201 44 126 
SERIAL 2: 13 21 105 19 191 159 218 0 189 101 183 69 126 
SERIAL 1 6 21 5 83 110 126 
SERIAL 2: 10 22 98 190 211 143 36 176 62 126 
SERIAL 2: 5 22 251 183 126 
SERIAL 2: 13 22 105 19 193 196 214 0 189 84 24 81 126 
SERIAL 1 17 22 41 0 4 0 176 18 6 41 0 2 64 240 36 69 126 
SERIAL 2: 5 23 234 62 126 
SERIAL 1 23 23 41 0 4 0 177 18 0 41 0 8 64 0 8 8 8 12 7 3 85 158 126 
SERIAL 2: 5 24 18 201 126 
SERIAL 2: 13 24 105 19 195 233 210 0 189 99 224 231 126 
SERIAL 2: 13 24 105 19 198 142 206 0 189 98 32 19 126 
SERIAL 1 6 24 5 227 22 126 
SERIAL 2: 10 25 98 198 142 134 10 81 210 126 
SERIAL 2: 5 25 3 64 126 
SERIAL 2: 13 25 105 19 200 179 202 0 189 88 16 220 126 
SERIAL 2: 13 25 105 19 202 216 198 0 189 100 146 14 126 
SERIAL 2: 13 25 105 19 204 253 194 0 189 98 219 235 126 
SERIAL 2: 14 25 96 78 135 180 58 129 137 180 65 206 10 126 
SERIAL 2: 13 25 105 19 207 162 190 0 189 96 38 107 126 
SE